1 0.315678 0.798450 0.216102 0.201550
3 0.139831 0.267442 0.211864 0.193798
2 0.294492 0.133721 0.207627 0.158915
2 0.516949 0.168605 0.203390 0.166667
2 0.726695 0.162791 0.199153 0.155039
2 0.182203 0.461240 0.211864 0.186047
2 0.364407 0.304264 0.177966 0.166667
2 0.612288 0.325581 0.199153 0.170543
2 0.834746 0.317829 0.220339 0.170543
2 0.891949 0.498062 0.216102 0.182171
2 0.680085 0.513566 0.207627 0.182171
2 0.739407 0.707364 0.233051 0.205426
2 0.546610 0.839147 0.228814 0.205426
2 0.165254 0.645349 0.228814 0.189922
2 0.504237 0.637597 0.220339 0.182171
2 0.461864 0.443798 0.152542 0.135659
2 0.347458 0.544574 0.152542 0.135659
