2 0.260000 0.070613 0.508000 0.128764
2 0.760000 0.069055 0.480000 0.125649
3 0.248000 0.213915 0.492000 0.141225
3 0.760000 0.217549 0.468000 0.144341
4 0.259000 0.348390 0.482000 0.123572
4 0.759000 0.356698 0.482000 0.129803
5 0.253000 0.482347 0.490000 0.115265
5 0.752000 0.483385 0.492000 0.123572
6 0.250000 0.606438 0.488000 0.114226
6 0.756000 0.605919 0.476000 0.119418
7 0.254000 0.720145 0.492000 0.106957
7 0.761000 0.722222 0.478000 0.100727
8 0.255000 0.827103 0.498000 0.109034
8 0.763000 0.831776 0.474000 0.114226
9 0.260000 0.935099 0.492000 0.098650
9 0.763000 0.936137 0.474000 0.113188
